110,5
110,4
110,3
110,2
110,1
110,0
93,6
0,531
38,1
38,3
0,472
0,386
0,243
109,6
109,5
109,4
109,3
109,2
109,1
109,0
0,278
0,273
0,270
107,44
107,43
107,42
107,41
107,40
107,39
107,38
107,37
107,36
107,35
108,3
108,2
0,9
108,1
108,0
17,2
17,1
17,3
15,2
15,1
15,3
16,2
16,1
16,3
3,2
3,1
3,3
10,211
10,19
10,13
10,186
10,228
10,69
10,213
10,1
10,153
10,2
10,3
11,17
11,27
11,20
11,8
11,26
11,22
11,24
11,1
11,7
11,2
11,3
9,7
9,4
9,1
9,6
9,2
9,3
8,17
8,4
8,15
8,11
8,12
8,1
8,9
8,2
8,3
12,2
12,1
12,3
20,2
20,1
20,3
19,2
19,1
19,3
106,6
106,5
106,4
106,3
106,2
106,1
106,0
100,3
100,2
100,1
100,0
98,5
98,4
98,3
98,2
98,1
98,0
93,5
93,4
93,3
93,2
18,1
93,1
93,0
91,4
91,3
18,3
91,2
